53 0 10 372 446 89 256
37 0 1 336 459 90 236
131 22 4 1339 361 128 332
116 22 6 1184 330 152 392
173 6 10 353 411 135 399 20 15 1335 545 49 141
156 6 11 347 413 95 278
106 20 4 1314 542 50 124
192 6 18 492 393 103 416
181 6 10 373 400 128 400
196 10 0 0 81 371 881
194 10 16 8 236 148 722
197 7 2 904 368 142 437
189 7 13 768 374 140 454
200 10 16 182 259 141 643
198 10 0 0 71 329 887
203 9 13 834 322 164 473
193 9 2 700 415 130 402
209 0 18 702 376 123 416
196 0 10 595 382 123 381
219 11 3 0 12 466 1036
210 11 0 0 275 194 737
221 11 20 207 341 271 636
219 11 3 0 12 466 1036
277 10 18 1120 343 89 368
255 10 16 936 333 141 481
288 22 17 1872 424 47 184
247 22 4 1802 423 80 213
302 1 19 1229 375 113 362
257 1 10 1219 423 97 252
312 0 10 1372 391 89 298
264 0 18 1087 383 96 387
334 6 10 1580 422 67 263
199 6 18 519 396 109 409
354 0 13 1556 403 77 277
326 0 10 1426 398 71 291
365 9 17 1717 394 86 321
309 9 13 1514 423 73 253
376 21 18 1791 387 102 263
374 21 5 1770 386 138 358
377 9 13 1765 445 60 197
366 9 17 1711 392 87 328
379 0 17 1656 409 88 277
367 0 13 1601 396 82 270
385 21 5 1826 377 93 352
383 21 18 1827 380 92 287
386 6 17 1703 404 85 250
382 6 10 1734 437 66 219
390 6 10 1753 434 63 207 24 17 1705 418 89 249
388 6 17 1719 416 82 238
296 24 19 1408 360 114 353
400 24 10 1741 399 83 249
395 24 17 1725 404 90 252
432 0 13 1763 430 66 216
383 0 17 1675 406 81 266
434 10 17 1675 408 85 249
339 10 18 1386 388 83 319
455 11 18 1861 402 58 254
444 11 20 1813 413 85 244
460 0 17 1826 427 56 209
440 0 13 1788 433 55 213
469 10 20 1759 410 85 259 14 0 1707 405 91 258
455 10 17 1733 406 61 224
467 14 20 1754 409 85 263
489 12 17 1860 438 59 195
459 12 0 1759 390 111 286
496 2 0 1558 450 87 215
479 2 22 1512 449 81 208
505 14 13 1454 432 74 237
495 14 0 1552 449 88 218
